{
 "cells": [
  {
   "cell_type": "code",
   "execution_count": 18,
   "metadata": {},
   "outputs": [
    {
     "ename": "ValueError",
     "evalue": "Einstein sum subscript 'ijkl' does not contain the correct number of indices for operand 0.",
     "output_type": "error",
     "traceback": [
      "\u001b[0;31m---------------------------------------------------------------------------\u001b[0m",
      "\u001b[0;31mValueError\u001b[0m                                Traceback (most recent call last)",
      "Cell \u001b[0;32mIn[18], line 6\u001b[0m\n\u001b[1;32m      2\u001b[0m \u001b[38;5;28;01mimport\u001b[39;00m \u001b[38;5;21;01mopt_einsum\u001b[39;00m \u001b[38;5;28;01mas\u001b[39;00m \u001b[38;5;21;01moe\u001b[39;00m\n\u001b[1;32m      4\u001b[0m nao \u001b[38;5;241m=\u001b[39m \u001b[38;5;241m241\u001b[39m\n\u001b[0;32m----> 6\u001b[0m test \u001b[38;5;241m=\u001b[39m oe\u001b[38;5;241m.\u001b[39mcontract_path(\n\u001b[1;32m      7\u001b[0m     \u001b[38;5;124m\"\u001b[39m\u001b[38;5;124mijkl,i,j,kl->\u001b[39m\u001b[38;5;124m\"\u001b[39m,\n\u001b[1;32m      8\u001b[0m     (nao, nao, nao, nao),\n\u001b[1;32m      9\u001b[0m     (nao,),\n\u001b[1;32m     10\u001b[0m     (nao,),\n\u001b[1;32m     11\u001b[0m     (nao, nao),\n\u001b[1;32m     12\u001b[0m     optimize\u001b[38;5;241m=\u001b[39m\u001b[38;5;124m\"\u001b[39m\u001b[38;5;124moptimal\u001b[39m\u001b[38;5;124m\"\u001b[39m,\n\u001b[1;32m     13\u001b[0m     memory_limit\u001b[38;5;241m=\u001b[39m\u001b[38;5;124m\"\u001b[39m\u001b[38;5;124mmax_input\u001b[39m\u001b[38;5;124m\"\u001b[39m,\n\u001b[1;32m     14\u001b[0m )\n\u001b[1;32m     16\u001b[0m \u001b[38;5;28mprint\u001b[39m(test)\n",
      "File \u001b[0;32m~/anaconda3/lib/python3.11/site-packages/opt_einsum/contract.py:228\u001b[0m, in \u001b[0;36mcontract_path\u001b[0;34m(*operands, **kwargs)\u001b[0m\n\u001b[1;32m    225\u001b[0m sh \u001b[38;5;241m=\u001b[39m input_shps[tnum]\n\u001b[1;32m    227\u001b[0m \u001b[38;5;28;01mif\u001b[39;00m \u001b[38;5;28mlen\u001b[39m(sh) \u001b[38;5;241m!=\u001b[39m \u001b[38;5;28mlen\u001b[39m(term):\n\u001b[0;32m--> 228\u001b[0m     \u001b[38;5;28;01mraise\u001b[39;00m \u001b[38;5;167;01mValueError\u001b[39;00m(\u001b[38;5;124m\"\u001b[39m\u001b[38;5;124mEinstein sum subscript \u001b[39m\u001b[38;5;124m'\u001b[39m\u001b[38;5;132;01m{}\u001b[39;00m\u001b[38;5;124m'\u001b[39m\u001b[38;5;124m does not contain the \u001b[39m\u001b[38;5;124m\"\u001b[39m\n\u001b[1;32m    229\u001b[0m                      \u001b[38;5;124m\"\u001b[39m\u001b[38;5;124mcorrect number of indices for operand \u001b[39m\u001b[38;5;132;01m{}\u001b[39;00m\u001b[38;5;124m.\u001b[39m\u001b[38;5;124m\"\u001b[39m\u001b[38;5;241m.\u001b[39mformat(input_list[tnum], tnum))\n\u001b[1;32m    230\u001b[0m \u001b[38;5;28;01mfor\u001b[39;00m cnum, char \u001b[38;5;129;01min\u001b[39;00m \u001b[38;5;28menumerate\u001b[39m(term):\n\u001b[1;32m    231\u001b[0m     dim \u001b[38;5;241m=\u001b[39m \u001b[38;5;28mint\u001b[39m(sh[cnum])\n",
      "\u001b[0;31mValueError\u001b[0m: Einstein sum subscript 'ijkl' does not contain the correct number of indices for operand 0."
     ]
    }
   ],
   "source": [
    "import numpy as np\n",
    "import opt_einsum as oe\n",
    "\n",
    "nao = 241\n",
    "\n",
    "test = oe.contract_path(\n",
    "    \"ijkl,i,j,kl->\",\n",
    "    (nao, nao, nao, nao),\n",
    "    (nao,),\n",
    "    (nao,),\n",
    "    (nao, nao),\n",
    "    optimize=\"optimal\",\n",
    "    memory_limit=\"max_input\",\n",
    ")\n",
    "\n",
    "print(test)"
   ]
  },
  {
   "cell_type": "code",
   "execution_count": 45,
   "metadata": {},
   "outputs": [],
   "source": [
    "import torch\n",
    "\n",
    "from pyscf import gto\n",
    "from pyscf import dft\n",
    "\n",
    "_zeta = 1.5 ** np.array([2, 1, 0])\n",
    "# _zeta = 1.5 ** np.array([17, 13, 10, 7, 5, 3, 2, 1, 0, -1, -2, -3])\n",
    "_coef = np.diag(np.ones(_zeta.size)) - np.diag(np.ones(_zeta.size - 1), k=1)\n",
    "_table = np.concatenate([_zeta.reshape(-1, 1), _coef], axis=1)\n",
    "DEFAULT_BASIS = [[0, *_table.tolist()], [1, *_table.tolist()], [2, *_table.tolist()]]\n",
    "DEFAULT_SYMB = \"Ne\"\n",
    "\n",
    "\n",
    "def load_basis(basis):\n",
    "    if basis is None:\n",
    "        return DEFAULT_BASIS\n",
    "\n",
    "\n",
    "def get_shell_sec(basis):\n",
    "    if not isinstance(basis, (list, tuple)):\n",
    "        basis = load_basis(basis)\n",
    "    shell_sec = []\n",
    "    for l, c0, *cr in basis:\n",
    "        nb = c0 if isinstance(c0, int) else (len(c0) - 1)\n",
    "        shell_sec.extend([2 * l + 1] * nb)\n",
    "    return shell_sec\n",
    "\n",
    "\n",
    "def t_make_pdm_shells(dm, ovlp_shells):\n",
    "    \"\"\"return projected density matrix by shell\"\"\"\n",
    "    # (D^I_rl)_mm' = \\sum_i < alpha^I_rlm | phi_i >< phi_i | aplha^I_rlm' >\n",
    "    pdm_shells = [\n",
    "        torch.einsum(\"rap,...rs,saq->...apq\", po, dm, po) for po in ovlp_shells\n",
    "    ]\n",
    "    return pdm_shells\n",
    "\n",
    "\n",
    "def t_make_pdm(dm, ovlp):\n",
    "    \"\"\"return projected density matrix by shell\"\"\"\n",
    "    # (D^I_rl)_mm' = \\sum_i < alpha^I_rlm | phi_i >< phi_i | aplha^I_rlm' >\n",
    "    pdm = torch.einsum(\"rp,...rs,sq->...pq\", ovlp, dm, ovlp)\n",
    "    return pdm\n",
    "\n",
    "\n",
    "def gen_proj_mol(mol, basis):\n",
    "    mole_coords = mol.atom_coords(unit=\"Ang\")\n",
    "    mole_ele = mol.elements\n",
    "    test_mol = gto.Mole()\n",
    "    test_mol.atom = [\n",
    "        [\"X\", coord]\n",
    "        for coord, ele in zip(mole_coords, mole_ele)\n",
    "        if not ele.startswith(\"X\")\n",
    "    ]\n",
    "    test_mol.basis = basis\n",
    "    test_mol.build(0, 0, unit=\"Ang\")\n",
    "    return test_mol\n",
    "\n",
    "\n",
    "class NetMixin:\n",
    "\n",
    "    def __init__(self, proj_basis=None):\n",
    "        self._pbas = load_basis(proj_basis)\n",
    "        # [1,1,1,...,3,3,3,...,5,5,5,...]\n",
    "        self._shell_sec = get_shell_sec(self._pbas)\n",
    "        # total number of projected basis per atom\n",
    "        self.nproj = sum(self._shell_sec)\n",
    "        print(self.nproj)\n",
    "        # prepare overlap integrals used in projection\n",
    "        self.prepare_integrals()\n",
    "\n",
    "    def prepare_integrals(self):\n",
    "        \"\"\"overlap between origin and projected basis, reshaped\"\"\"\n",
    "        # a virtual molecule to be projected on\n",
    "        self._pmol = gen_proj_mol(self.mol, self._pbas)\n",
    "\n",
    "        nao = self.mol.nao\n",
    "        natm = self._pmol.natm\n",
    "        pnao = self._pmol.nao\n",
    "        proj = gto.intor_cross(\"int1e_ovlp\", self.mol, self._pmol)\n",
    "        # shape [nao, natom x nproj]\n",
    "        proj_back = gto.intor_cross(\"int1e_ovlp\", self._pmol, self.mol)\n",
    "        # shape [nao, natom x nproj]\n",
    "\n",
    "        self.t_proj_ovlp = torch.from_numpy(proj).double()\n",
    "        self.t_proj_ovlp_back = torch.from_numpy(\n",
    "            proj_back @ np.linalg.inv(proj @ proj_back)\n",
    "        ).double()\n",
    "\n",
    "        # < mol_ao | alpha^I_rlm >, shape=[nao x natom x nproj]\n",
    "        t_proj_ovlp = torch.from_numpy(\n",
    "            proj.reshape(\n",
    "                nao,\n",
    "                natm,\n",
    "                pnao // natm,\n",
    "            )\n",
    "        ).double()\n",
    "        # split the projected coeffs by shell (different r and l)\n",
    "        self._t_ovlp_shells = torch.split(t_proj_ovlp, self._shell_sec, -1)\n",
    "\n",
    "    def make_pdm(self, dm=None, flatten=False):\n",
    "        \"\"\"return projected density matrix by shell\"\"\"\n",
    "        if dm is None:\n",
    "            dm = self.make_rdm1()\n",
    "        t_dm = torch.from_numpy(dm).double()\n",
    "        t_pdm_shells = t_make_pdm_shells(t_dm, self._t_ovlp_shells)\n",
    "\n",
    "        t_dm_ovlp = t_make_pdm(t_dm, self.t_proj_ovlp)\n",
    "        t_dm_back = t_make_pdm(t_dm_ovlp, self.t_proj_ovlp_back)\n",
    "        print(t_dm_ovlp)\n",
    "        print(np.linalg.norm(t_dm - t_dm_back))\n",
    "\n",
    "        if not flatten:\n",
    "            return [s.detach().cpu().numpy() for s in t_pdm_shells]\n",
    "        else:\n",
    "            return (\n",
    "                torch.cat([s.flatten(-2) for s in t_pdm_shells], dim=-1)\n",
    "                .detach()\n",
    "                .cpu()\n",
    "                .numpy()\n",
    "            )\n",
    "\n",
    "\n",
    "class DSCF(NetMixin, dft.rks.RKS):\n",
    "    \"\"\"Restricted SCF solver for given NN energy model\"\"\"\n",
    "\n",
    "    def __init__(self, mol, xc=\"HF\", proj_basis=None):\n",
    "        # base method must be initialized first\n",
    "        dft.rks.RKS.__init__(self, mol, xc=xc)\n",
    "        # correction mixin initialization\n",
    "        NetMixin.__init__(self, proj_basis=proj_basis)\n",
    "        # update keys to avoid pyscf warning\n",
    "        self._keys.update(self.__dict__.keys())"
   ]
  },
  {
   "cell_type": "code",
   "execution_count": 48,
   "metadata": {},
   "outputs": [
    {
     "name": "stdout",
     "output_type": "stream",
     "text": [
      "27\n",
      "tensor([[ 1.4287e+00,  1.6570e-01,  6.4681e-02,  ..., -2.2801e-02,\n",
      "         -2.9770e-17,  3.9532e-02],\n",
      "        [ 1.6570e-01,  1.2342e+00,  1.0381e+00,  ..., -2.6712e-02,\n",
      "         -2.9741e-17,  4.6310e-02],\n",
      "        [ 6.4681e-02,  1.0381e+00,  8.7837e-01,  ..., -2.2651e-02,\n",
      "         -1.7892e-17,  3.9267e-02],\n",
      "        ...,\n",
      "        [-2.2801e-02, -2.6712e-02, -2.2651e-02,  ...,  2.3279e-03,\n",
      "          3.2829e-17, -4.0347e-03],\n",
      "        [-2.9770e-17, -2.9741e-17, -1.7892e-17,  ...,  3.2829e-17,\n",
      "          1.2324e-03, -5.6800e-17],\n",
      "        [ 3.9532e-02,  4.6310e-02,  3.9267e-02,  ..., -4.0347e-03,\n",
      "         -5.6800e-17,  6.9929e-03]], dtype=torch.float64)\n",
      "1.9738310814951244e-14\n",
      "[array([[[1.4286951]],\n",
      "\n",
      "       [[1.4286951]]]), array([[[1.23416373]],\n",
      "\n",
      "       [[1.23416373]]]), array([[[0.87837112]],\n",
      "\n",
      "       [[0.87837112]]]), array([[[ 5.41967969e-01,  8.69458171e-16,  1.29249874e-14],\n",
      "        [ 8.69458171e-16,  1.23375976e+00, -1.58441311e-01],\n",
      "        [ 1.29249874e-14, -1.58441311e-01,  5.80874313e-01]],\n",
      "\n",
      "       [[ 5.41967969e-01,  7.73559524e-15,  1.14230297e-14],\n",
      "        [ 7.73559524e-15,  1.23375976e+00, -1.58441311e-01],\n",
      "        [ 1.14230297e-14, -1.58441311e-01,  5.80874313e-01]]]), array([[[ 1.08002651e-01,  1.22680892e-16,  1.78960875e-15],\n",
      "        [ 1.22680892e-16,  1.49138112e-01, -1.26832053e-02],\n",
      "        [ 1.78960875e-15, -1.26832053e-02,  9.68747207e-02]],\n",
      "\n",
      "       [[ 1.08002651e-01,  7.42137178e-16,  1.64437681e-15],\n",
      "        [ 7.42137178e-16,  1.49138112e-01, -1.26832053e-02],\n",
      "        [ 1.64437681e-15, -1.26832053e-02,  9.68747206e-02]]]), array([[[ 7.68954947e-02,  5.44048238e-17,  6.55102208e-16],\n",
      "        [ 5.44048238e-17,  5.28182025e-02, -2.07398100e-04],\n",
      "        [ 6.55102208e-16, -2.07398100e-04,  5.19635819e-02]],\n",
      "\n",
      "       [[ 7.68954947e-02,  7.89091621e-17,  6.41864977e-16],\n",
      "        [ 7.89091621e-17,  5.28182025e-02, -2.07398104e-04],\n",
      "        [ 6.41864977e-16, -2.07398104e-04,  5.19635819e-02]]]), array([[[ 1.22924814e-04, -4.85414644e-19, -3.12689882e-18,\n",
      "          3.19357857e-05,  6.66534811e-18],\n",
      "        [-4.85414644e-19,  6.97716820e-07, -4.18249601e-06,\n",
      "         -2.43516976e-18,  1.01193612e-05],\n",
      "        [-3.12689882e-18, -4.18249601e-06,  2.33058660e-04,\n",
      "          5.60916002e-18, -4.20904156e-04],\n",
      "        [ 3.19357857e-05, -2.43516976e-18,  5.60916002e-18,\n",
      "          2.54521869e-04, -6.39050041e-18],\n",
      "        [ 6.66534811e-18,  1.01193612e-05, -4.20904156e-04,\n",
      "         -6.39050041e-18,  7.70726000e-04]],\n",
      "\n",
      "       [[ 1.22924814e-04, -7.18318700e-19,  1.30185719e-18,\n",
      "          3.19357857e-05,  1.33248597e-18],\n",
      "        [-7.18318700e-19,  6.97716820e-07, -4.18249601e-06,\n",
      "         -1.46854450e-18,  1.01193612e-05],\n",
      "        [ 1.30185719e-18, -4.18249601e-06,  2.33058660e-04,\n",
      "          3.21742615e-18, -4.20904156e-04],\n",
      "        [ 3.19357857e-05, -1.46854450e-18,  3.21742615e-18,\n",
      "          2.54521869e-04, -4.61861962e-18],\n",
      "        [ 1.33248597e-18,  1.01193612e-05, -4.20904156e-04,\n",
      "         -4.61861962e-18,  7.70726001e-04]]]), array([[[ 4.91785462e-04, -3.10979410e-19,  6.47772641e-19,\n",
      "         -8.88059251e-06, -7.73923288e-19],\n",
      "        [-3.10979410e-19,  1.37468700e-07, -4.09190983e-06,\n",
      "         -1.40615143e-18,  7.65385982e-06],\n",
      "        [ 6.47772641e-19, -4.09190983e-06,  7.08282045e-04,\n",
      "          1.13126912e-17, -1.24364193e-03],\n",
      "        [-8.88059251e-06, -1.40615143e-18,  1.13126912e-17,\n",
      "          4.55191410e-04, -1.75261133e-17],\n",
      "        [-7.73923288e-19,  7.65385982e-06, -1.24364193e-03,\n",
      "         -1.75261133e-17,  2.18559009e-03]],\n",
      "\n",
      "       [[ 4.91785462e-04,  2.21639415e-19,  9.14349709e-19,\n",
      "         -8.88059248e-06,  8.85156847e-19],\n",
      "        [ 2.21639415e-19,  1.37468700e-07, -4.09190983e-06,\n",
      "         -9.91157315e-19,  7.65385982e-06],\n",
      "        [ 9.14349709e-19, -4.09190983e-06,  7.08282045e-04,\n",
      "          1.03486413e-17, -1.24364193e-03],\n",
      "        [-8.88059248e-06, -9.91157315e-19,  1.03486413e-17,\n",
      "          4.55191410e-04, -1.73991140e-17],\n",
      "        [ 8.85156847e-19,  7.65385982e-06, -1.24364193e-03,\n",
      "         -1.73991140e-17,  2.18559009e-03]]]), array([[[ 1.82633581e-03, -2.17772116e-20,  1.69191098e-17,\n",
      "         -1.44144802e-04, -2.93095660e-17],\n",
      "        [-2.17772116e-20,  9.10363018e-10, -6.53048850e-07,\n",
      "         -1.89996169e-19,  1.13486510e-06],\n",
      "        [ 1.69191098e-17, -6.53048850e-07,  2.32787087e-03,\n",
      "          2.93652870e-17, -4.03468163e-03],\n",
      "        [-1.44144802e-04, -1.89996169e-19,  2.93652870e-17,\n",
      "          1.23236165e-03, -5.05741643e-17],\n",
      "        [-2.93095660e-17,  1.13486510e-06, -4.03468163e-03,\n",
      "         -5.05741643e-17,  6.99294999e-03]],\n",
      "\n",
      "       [[ 1.82633581e-03,  7.25919172e-20, -1.23377791e-18,\n",
      "         -1.44144802e-04,  2.48213771e-18],\n",
      "        [ 7.25919172e-20,  9.10363017e-10, -6.53048850e-07,\n",
      "         -1.36778933e-19,  1.13486510e-06],\n",
      "        [-1.23377791e-18, -6.53048850e-07,  2.32787088e-03,\n",
      "          3.28292636e-17, -4.03468163e-03],\n",
      "        [-1.44144802e-04, -1.36778933e-19,  3.28292636e-17,\n",
      "          1.23236165e-03, -5.67998977e-17],\n",
      "        [ 2.48213771e-18,  1.13486510e-06, -4.03468163e-03,\n",
      "         -5.67998977e-17,  6.99294999e-03]]])]\n"
     ]
    }
   ],
   "source": [
    "mol = gto.Mole()\n",
    "mol.verbose = -1\n",
    "mol.output = None\n",
    "mol.atom = [\n",
    "    [\"O\", 1.0, 0, 0],\n",
    "    [\"O\", -1.0, 0, 0],\n",
    "]\n",
    "mol.basis = \"ccpvdz\"\n",
    "mol.build(0, 0)\n",
    "\n",
    "dscf = DSCF(mol)\n",
    "energy = dscf.kernel()\n",
    "# print(np.shape(dscf.make_rdm1()))\n",
    "# print((dscf._t_ovlp_shells))\n",
    "print(dscf.make_pdm())"
   ]
  },
  {
   "cell_type": "code",
   "execution_count": 39,
   "metadata": {},
   "outputs": [
    {
     "name": "stdout",
     "output_type": "stream",
     "text": [
      "(2, 1, 1)\n",
      "(2, 1, 1)\n",
      "(2, 1, 1)\n",
      "(2, 1, 1)\n",
      "(2, 1, 1)\n",
      "(2, 1, 1)\n",
      "(2, 1, 1)\n",
      "(2, 1, 1)\n",
      "(2, 1, 1)\n",
      "(2, 1, 1)\n",
      "(2, 1, 1)\n",
      "(2, 1, 1)\n",
      "(2, 3, 3)\n",
      "(2, 3, 3)\n",
      "(2, 3, 3)\n",
      "(2, 3, 3)\n",
      "(2, 3, 3)\n",
      "(2, 3, 3)\n",
      "(2, 3, 3)\n",
      "(2, 3, 3)\n",
      "(2, 3, 3)\n",
      "(2, 3, 3)\n",
      "(2, 3, 3)\n",
      "(2, 3, 3)\n",
      "(2, 5, 5)\n",
      "(2, 5, 5)\n",
      "(2, 5, 5)\n",
      "(2, 5, 5)\n",
      "(2, 5, 5)\n",
      "(2, 5, 5)\n",
      "(2, 5, 5)\n",
      "(2, 5, 5)\n",
      "(2, 5, 5)\n",
      "(2, 5, 5)\n",
      "(2, 5, 5)\n",
      "(2, 5, 5)\n"
     ]
    }
   ],
   "source": [
    "for i in range(36):\n",
    "    # print(dscf._t_ovlp_shells[i].shape)\n",
    "    print(dscf.make_pdm()[i].shape)"
   ]
  },
  {
   "cell_type": "code",
   "execution_count": 40,
   "metadata": {},
   "outputs": [
    {
     "data": {
      "text/plain": [
       "420"
      ]
     },
     "execution_count": 40,
     "metadata": {},
     "output_type": "execute_result"
    }
   ],
   "source": [
    "12 * (1**2 + 3**2 + 5**2)"
   ]
  },
  {
   "cell_type": "code",
   "execution_count": null,
   "metadata": {},
   "outputs": [],
   "source": []
  }
 ],
 "metadata": {
  "kernelspec": {
   "display_name": "pyscf",
   "language": "python",
   "name": "python3"
  },
  "language_info": {
   "codemirror_mode": {
    "name": "ipython",
    "version": 3
   },
   "file_extension": ".py",
   "mimetype": "text/x-python",
   "name": "python",
   "nbconvert_exporter": "python",
   "pygments_lexer": "ipython3",
   "version": "3.12.4"
  }
 },
 "nbformat": 4,
 "nbformat_minor": 2
}
